{
  "principalPoint": {
    "x": 0,
    "y": 0
  },
  "viewTransform": {
    "rows": [
      [
        0.9998278094566785,
        -0.010667931707154927,
        0.015183763372473732,
        0.12281761591340208
      ],
      [
        -0.015484633821581275,
        -0.02871078410253195,
        0.9994678168863814,
        -8.208645659498032
      ],
      [
        -0.010226316661992115,
        -0.9995308329958157,
        -0.028871029393137078,
        -10
      ],
      [
        0,
        0,
        0,
        1
      ]
    ]
  },
  "cameraTransform": {
    "rows": [
      [
        0.9998278094566787,
        -0.015484633821581276,
        -0.010226316661992118,
        -0.3521675067097492
      ],
      [
        -0.010667931707154927,
        -0.028710784102531955,
        -0.9995308329958159,
        -10.229674773323193
      ],
      [
        0.015183763372473735,
        0.9994678168863816,
        -0.028871029393137085,
        7.913702029342998
      ],
      [
        0,
        0,
        0,
        1
      ]
    ]
  },
  "horizontalFieldOfView": 2.358152711935632,
  "verticalFieldOfView": 1.8747847989276032,
  "vanishingPoints": [
    {
      "x": 40.38558698406068,
      "y": -0.6254637250564439
    },
    {
      "x": -0.00440863815845749,
      "y": -0.01186504205578702
    },
    {
      "x": 0.21723889355255324,
      "y": 14.299701421547056
    }
  ],
  "vanishingPointAxes": [
    "xPositive",
    "yPositive",
    "zPositive"
  ],
  "relativeFocalLength": 0.41306692729807126,
  "imageWidth": 1920,
  "imageHeight": 1080
}